AZred = [171,5,32]/256;
AZblue = [12,35,75]/256;
AZsand = [241, 158, 31]/256;

AZ_chili = [139 0 21]/256;
AZ_bloom = [239 64 86]/256;
AZ_sky = [129 211 235]/256;
AZ_azurite = [30 82 136]/256;
AZ_oasis = [55 141 189]/256;
AZ_midnight = [0 28 72]/256;